{
  "advancedEditorSelectedIdentifier" : "ProjectBrowser",
  "openSceneRelativePaths" : [
    "Immersive.usda"
  ],
  "recentIdentifiers" : {
    "AF09ED6F-1707-48FD-8720-65B998362C09" : [

    ]
  },
  "sceneCameraHistory" : {
    "AF09ED6F-1707-48FD-8720-65B998362C09" : [
      {
        "date" : 734583416.449409,
        "title" : "Untitled",
        "transform" : [
          0.926746,
          5.6254392e-09,
          -0.37568864,
          0,
          -0.02701585,
          0.99741113,
          -0.06664294,
          0,
          0.37471586,
          0.071910724,
          0.92434675,
          0,
          1.8243985,
          2.0250695,
          3.06122,
          1
        ]
      },
      {
        "date" : 734583411.257919,
        "title" : "Untitled",
        "transform" : [
          0.98088676,
          4.993293e-09,
          -0.1945798,
          0,
          -0.023224298,
          0.99285144,
          -0.117075734,
          0,
          0.19318868,
          0.1193571,
          0.97387475,
          0,
          1.0572801,
          2.2639344,
          3.8015165,
          1
        ]
      },
      {
        "date" : 734583408.936632,
        "title" : "Untitled",
        "transform" : [
          0.98088676,
          4.993293e-09,
          -0.1945798,
          0,
          -0.023224298,
          0.99285144,
          -0.117075734,
          0,
          0.19318868,
          0.1193571,
          0.97387475,
          0,
          1.2671237,
          2.0022051,
          3.7919674,
          1
        ]
      },
      {
        "date" : 734583400.141463,
        "title" : "Untitled",
        "transform" : [
          0.9424578,
          -5.509129e-09,
          -0.33432534,
          0,
          -0.33412147,
          0.034899727,
          -0.9418836,
          0,
          0.011667703,
          0.99939084,
          0.03289146,
          0,
          -2.146883,
          5.285475,
          -3.444891,
          1
        ]
      },
      {
        "date" : 734583393.799861,
        "title" : "Untitled",
        "transform" : [
          0.89724916,
          2.5639917e-09,
          -0.44152433,
          0,
          -0.4412552,
          0.034899727,
          -0.8967027,
          0,
          0.015408915,
          0.99939084,
          0.031313725,
          0,
          -2.2133677,
          5.2854743,
          -3.6206734,
          1
        ]
      },
      {
        "date" : 734583381.821368,
        "title" : "Untitled",
        "transform" : [
          0.99962157,
          -8.95423e-10,
          -0.027504148,
          0,
          -0.0063040755,
          0.97337645,
          -0.22912553,
          0,
          0.026771782,
          0.22921231,
          0.9730082,
          0,
          -1.9681333,
          2.2752683,
          0.8720739,
          1
        ]
      },
      {
        "date" : 734583371.174813,
        "title" : "Untitled",
        "transform" : [
          0.84332067,
          -9.913244e-10,
          -0.53741056,
          0,
          -0.16529083,
          0.9515257,
          -0.2593797,
          0,
          0.5113599,
          0.30756938,
          0.80244136,
          0,
          -0.29225254,
          2.5873587,
          -0.63655806,
          1
        ]
      },
      {
        "date" : 734583361.127855,
        "title" : "Untitled",
        "transform" : [
          0.77934456,
          -2.7105038e-08,
          0.6265956,
          0,
          0.62621397,
          0.034899686,
          -0.7788697,
          0,
          -0.021867974,
          0.99939084,
          0.027198793,
          0,
          -1.7633573,
          5.9686694,
          -2.383234,
          1
        ]
      },
      {
        "date" : 734583352.245888,
        "title" : "Untitled",
        "transform" : [
          0.7788334,
          -4.0631754e-08,
          -0.62723076,
          0,
          -0.47570938,
          0.65175664,
          -0.5906891,
          0,
          0.4088018,
          0.75842816,
          0.50760984,
          0,
          2.932584,
          3.5355394,
          -3.073805,
          1
        ]
      },
      {
        "date" : 734583345.396223,
        "title" : "Untitled",
        "transform" : [
          0.9826964,
          -4.7060798e-08,
          0.18522345,
          0,
          0.11255694,
          0.7941805,
          -0.5971667,
          0,
          -0.14710084,
          0.607682,
          0.7804383,
          0,
          -0.18553925,
          2.524002,
          1.1963058,
          1
        ]
      }
    ],
    "C9C3DA4B-16A0-446A-91A5-7214A3576CE9" : [
      {
        "date" : 730960487.397104,
        "title" : "Untitled",
        "transform" : [
          0.99999994,
          0,
          0,
          0,
          0,
          0.8660254,
          -0.49999994,
          0,
          0,
          0.49999994,
          0.8660254,
          0,
          0,
          1.7120684,
          2.9653897,
          1
        ]
      },
      {
        "date" : 730960460.81298,
        "title" : "Untitled",
        "transform" : [
          0.99999994,
          0,
          -0,
          0,
          -0,
          0.8660254,
          -0.49999994,
          0,
          0,
          0.49999994,
          0.8660254,
          0,
          0,
          0.2182257,
          0.37797803,
          1
        ]
      }
    ]
  },
  "selectedSceneRelativePath" : "Immersive.usda"
}